3547
3548
3549
3552
3553
3554
3557
3558
3561
3562
3566
3567
3570
3571
3572
3573
3576
3577
3578
3581
3582
3583
3584
3587
3588
3589
3590
3593
3594
3595
3598
3599
3600
3601
3604
3605
3606
3609
3610
3611
3612
3615
3616
3619
3620
3621
3624
3625
3628
3629
3630
3633
3634
3637
3638
3639
3642
3643
3644
3647
3648
3651
3652
3653
3656
3657
3658
3661
3662
3663
3666
3667
3668
3669
3672
3673
3676
3677
3678
3679
3682
3683
3686
3687
3688
3689
3692
3693
3696
3697
3698
3701
3702
3705
3706
3707
3710
3711
3714
3715
3716
3719
3720
3725
3726
3727
3730
3731
3734
3735
3736
3739
3740
3750
3751
3752
3755
3756
3759
3760
3761
3764
3765
3768
3769
3770
3773
3774
3777
3778
3779
3782
3783
3786
3787
3788
3791
3792
3795
3796
3799
3800
3801
3804
3805
3806
3809
3810
3811
3814
3815
3818
3819
3820
3821
3822
3823
3826
3827
3828
3831
3832
3835
3836
3837
3840
3841
3844
3845
3846
3877
3878
3879
3888
3889
3892
3893
3894
3897
3898
3901
3902
3903
3906
3907
3910
3911
3916
3917
3920
3921
3922
3925
3926
3927
3928
3929
3930
3934
3935
3936
3937
3940
3941
3942
3943
3946
3947
3948
3951
3952
3953
3956
3957
3958
3961
3962
3965
3966
3967
3970
3971
3975
3976
3979
3980
3981
3984
3985
3986
3989
3990
3993
3994
3995
3998
3999
4000
4003
4004
4007
4008
4009
4012
4013
4014
4017
4018
4021
4022
4023
4031
4032
4035
4036
4037
4040
4041
4042
4045
4046
4049
4050
4054
4055
4059
4060
4061
4064
4065
4066
4069
4070
4073
4074
4075
4078
4081
4084
4087
4088
4089
4092
4093
4094
4097
4098
4101
4102
4103
4106
4107
4110
4111
4112
4113
4117
4118
4119
4122
4123
4124
4125
4128
4129
4130
4131
4134
4135
4136
4145
4150
4151
4152
4155
4156
4157
4160
4161
4164
4165
4166
4169
4170
4173
4174
4175
4176
4179
4180
4181
4184
4185
4186
4187
4190
4191
4192
4193
4196
4197
4198
4201
4202
4203
4204
4207
4208
4209
4212
4213
4214
4215
4218
4219
4222
4223
4224
4227
4228
4231
4232
4233
4236
4237
4240
4241
4242
4245
4246
4247
4250
4251
4254
4255
4256
4259
4260
4261
4264
4265
4266
4269
4270
4271
4272
4275
4276
4279
4280
4281
4282
4285
4286
4289
4290
4291
4292
4295
4296
4299
4300
4301
4304
4305
4308
4309
4310
4313
4314
4317
4318
4319
4322
4323
4326
4327
4328
4331
4332
4335
4336
4337
4340
4341
4344
4345
4346
4349
4350
4353
4354
4355
4358
4359
4362
4363
4364
4367
4368
4371
4372
4373
4376
4377
4380
4381
4382
4385
4386
4389
4390
4393
4394
4395
4398
4399
4400
4403
4404
4405
4408
4409
4412
4413
4414
4415
4416
4417
4420
4421
4422
4425
4426
4429
4430
4431
4434
4435
4438
4439
4440
4443
4444
4445
4448
4449
4452
4453
4454
4457
4458
4461
4462
4463
4466
4467
4470
4471
4476
4477
4480
4481
4482
4485
4486
4487
4488
4489
4490
4491
4494
4495
4496
4497
4500
4501
4502
4503
4506
4507
4508
4511
4512
4513
4516
4517
4518
4521
4522
4525
4526
4527
4530
4531
4532
4535
4536
4539
4540
4541
4544
4545
4546
4549
4550
4553
4554
4555
4558
4559
4560
4563
4564
4567
4568
4569
4572
4573
4574
4577
4578
4581
4582
4583
4586
4587
4588
4591
4592
4595
4596
4597
4600
4601
4602
4605
4606
4609
4610
4611
4614
4615
4616
4619
4620
4621
4624
4625
4626
4629
4630
4633
4634
4635
4638
4641
4644
4668
4669
4670
4671
4673
4674
4675
4676
4678
4679
4681
4682
4684
4685
4734
4735
4736
4739
4740
4741
4742
4744
4745
4746
4747
4749
4750
4752
4753
4755
4756
4758
4759
4761
4762
4763
4764
4766
4767
4768
4769
4770
4771
4773
4774
4776
4777
4778
4780
4781
4782
4784
4785
4787
4788
4790
4791
4793
4794
4796
4797
4799
4800
4802
4803
4805
4807
4808
4810
4811
4813
4814
4816
4818
4820
4822
4823
4825
4826
4828
4829
4831
4833
4835
4836
4838
4841
4842
4843
4844
4847
4848
4849
4850
4853
4854
4855
4858
4859
4860
4863
4864
4865
4866
4869
4870
4871
4872
4873
4876
4877
4878
4881
4884
4887
4890
4891
4894
4895
4898
4899
4900
4903
4904
4907
4908
4911
4912
4913
4914
4915
4916
